Geod.Latitude.Deg	Longitude.Deg
16.7789166095643	107.2709825597630
21.7952405322257	104.8025024551780
21.6978959438015	104.8771785623500
21.6192927098009	104.9358796902620
21.5792117798810	104.9831716061770
21.4086694999188	105.1731975700010
21.3083073699532	105.4071188480650
21.2940768558412	105.6339638056300
22.0501793097958	104.4970829069730
21.2389568002943	105.7392593629090
21.1254756455661	105.8452420753330
21.9565470258228	104.6034400161390
21.8962555807940	104.6683525444130
22.4162302327565	104.6153893975260
22.4172199580347	104.8120646469540
22.5371021877230	104.8974749080580
22.7633311184055	105.0039143075800
22.8285025929934	105.0565800620160
22.7441512290829	105.2737058285370
22.7802887043243	105.4554862642820
22.9089680152353	105.5399062097400
22.9597020561465	105.6215403948060
22.7972747395985	105.7990248973780
22.3126133696975	104.4790234452510
22.6565027276474	105.8500843684420
22.6410375905852	105.9092670002690
22.6536324466618	105.9980555625690
22.6573023569087	106.1264403625260
22.6001700832662	106.3079173568160
22.4920460170904	106.3574595963520
22.4631019055646	106.3969372773490
22.2878088090185	106.4594116210620
22.2205207064481	106.5176348297310
22.4053607010202	104.4785071438630
22.0880755576539	106.5896244632210
22.0260636481083	106.6331894738880
21.9148076995992	106.7247707566960
20.9390858211428	104.4614217545450
20.8937691666191	104.5591827615230
22.4418232802434	103.9406723878600
20.8052205990871	104.7541540290980
20.7596937893012	104.9757006958660
22.2021379078035	104.3293524451270
20.6976784835199	105.0794067871030
20.4897972302080	105.0362047337240
20.3933989238950	105.0906332237280
20.2865944941274	105.1948844862790
20.1958540179858	105.2307334691350
22.3514379989666	103.8604109731530
20.0558519463669	105.3957714319590
19.9190352469411	105.4099076736830
19.9401038089668	105.4820585488260
19.9106510853869	105.5922929050760
19.8185210703158	105.7387773548950
22.3572983369929	103.7484656186570
22.3499770593597	103.6875887477600
22.3951495246220	103.5322936977980
22.4828373686062	103.3527819953310
22.2971259829530	104.2149727124030
22.4914286179702	103.2341124022710
22.4028900408449	103.2011564984820
22.2524936894694	103.1697961932370
22.1380602724764	103.1937820096900
22.3767881772679	104.1159825629370
21.9490683988190	103.1928496814490
21.9038051186064	103.2581771600160
21.7460131752593	103.3875315711970
21.5887334357343	103.4224400633310
21.5521072549999	103.5513127166100
21.4258838083357	103.7622596150470
21.3335901138787	103.8798831895350
21.2679113199391	103.9781642999050
21.1732642179702	104.1262062618290
21.0436919615742	104.3022564910980
12.2882497218413	107.5965658971820
12.6573128303504	108.0301684264900
12.1083635606326	107.6579757737480
11.9948200794721	107.5174331925540
11.9307193362024	107.4308736980210
12.5800392222742	107.8451932708410
11.8109534327869	107.2473857835180
11.7081490795937	107.1361398187630
11.6147251742174	107.0236210710100
11.5507804899393	106.9368317147580
11.5093408091756	106.7647178842130
11.4384066931657	106.6580949071490
11.2732142099280	106.6368128993110
11.1305074792939	106.6082574177370
12.4931080824712	107.7419860665130
10.9805218396835	106.6588846560730
12.8030875340790	108.5422714438600
12.7320008485699	108.7559627535780
12.5847860381861	108.8602576282320
12.8079590345386	108.4396167023310
12.9111153185935	108.2696137198450
15.6542512159395	107.8137485331330
15.5600630358488	107.8231868304190
15.3069551529041	107.7318905097520
15.1208879169571	107.7505730280600
15.9057557246322	108.1231891607340
14.9748292694442	107.7289529367170
14.7043173660399	107.6883193186900
14.6194878801806	107.8562330142620
14.4071012012300	107.9731946344510
14.1400702092325	107.9534405616940
13.9131645165288	108.0084544724150
13.7608993432234	108.0288155930650
15.8442424834647	107.9395533415620
13.5753609250101	108.1020438004330
13.4717429121305	108.1010215315480
13.3061473975117	108.1547127309050
13.0624045879019	108.2212579619860
20.9514229471067	106.3295276861520
20.9522369996735	106.5318531170420
21.0593783659866	105.8958706146010
20.9846379526721	105.9840301861810
20.9239350429398	106.0900098585530
20.5467488373063	105.9136151617800
20.3340581126335	105.9331444350780
20.2640123085324	105.9754101327600
20.1697702205217	105.9459401539420
19.9823294566236	105.8481266321100
19.9314220383801	105.8179186306140
19.7750727325012	105.7780295312440
19.5349655505453	105.7953402278160
19.4219793779149	105.7688079448550
19.2360058650225	105.7002161133580
19.1289043100180	105.6189353179300
20.8426421959215	105.8782353557050
18.9213448833747	105.6102619770770
18.6843505478225	105.6755265745660
18.5290895933169	105.7088485891310
20.7238638876227	105.9108914383510
18.2355994280653	106.0240825122990
18.1639565603696	106.2338239523200
18.0480419018550	106.3418027541060
17.9369919753622	106.4789575097410
17.5843904480977	106.5353155904290
17.3475537999809	106.6924434106160
17.2677843780727	106.7855740296210
17.1927373649423	106.8879987336440
20.8912837122437	106.6777798313530
20.9735724753140	107.0154091807440
20.9518917521173	107.1443909966730
21.0085286964260	107.2373348363220
21.1159255815553	107.3400584886870
21.2735077563284	107.3609289218240
21.3675153595905	107.6194936212500
21.4372399793695	107.6726063460050
21.4597616949999	107.7658759945740
21.0157416726316	106.7039179949590
21.5323723753168	107.9650767385150
20.9783778661615	106.9228602576470
20.4723919639916	106.3586009987140
20.3664281842416	106.1323141340700
20.7658067670323	106.4998900091240
20.6591852510624	106.4366960836290
21.6343078323814	106.5610252205410
21.5899638585541	106.5245841363140
21.4714700216184	106.3073824038730
21.3707068301396	106.2684758753160
21.2528686806714	106.1097358855220
21.0943672045025	105.9301190759290
21.7070325638858	106.6602618724640
21.8520862005924	106.7803254090830
21.3995050567667	107.2571047346680
21.3421827008688	107.3735778396310
21.6636389566134	106.9860939099240
21.5753776002190	107.0708753950740
14.3849625264838	109.0257367948270
14.1717534919821	109.0496151800390
13.9416688564264	109.0805288912260
13.7612811039761	109.1525389609450
13.6829636841685	109.1788486546730
13.4155768766046	109.2146908995240
13.2232856305364	109.2659756634670
16.6289076699322	107.3090056825670
12.8695462196309	109.4020467941640
12.6796452564829	109.2150832327850
12.6010483563743	109.1810165875420
12.3983741197820	109.1733589158190
12.2873931271108	109.1920762447720
16.5659002690175	107.3846936795800
12.1114399106780	109.1249943535000
11.9914906886917	109.1930191614850
11.8597191991050	109.1068522925900
11.7474780017383	109.0724947642320
11.5211116246963	108.9268335910490
11.3240932704852	108.8369016741970
11.2283875085218	108.7206871452060
16.9668062674194	107.0670001090900
11.2006429995109	108.5463459920020
11.1987706342584	108.3879146108270
11.0964823212439	108.1972150865550
16.5028484466954	107.5160629140910
10.9255165460964	108.0633482959310
10.9109630083270	107.9765036523560
10.8430246943240	107.8408010344690
10.8283682601739	107.6827592958720
10.8329577434126	107.5269009177370
10.9261627281218	107.4051391708110
10.8963952825909	107.2299300859230
10.9396686795843	106.8682398708630
10.8728489513049	106.8096453649000
10.8650172054760	106.7237013975980
10.7324038409111	106.6141909623610
10.5634646152300	106.4202247061150
10.3832813112015	106.3349159721440
10.4055294576618	106.1309544153550
10.2670151769382	105.9243996168570
16.4061758024885	107.6838808316600
10.3483060318610	105.5753479160290
10.3101041046473	105.4804695382030
10.1194986011488	105.2907450545120
9.9513346666177	105.1231078529240
10.0489495906465	105.0743943913450
10.1808983654321	104.9374057863120
10.2650886130517	104.8081261754200
10.2914003958662	104.5443140330200
10.3888919205249	104.4854452420180
16.2949487378723	107.8125643281370
16.2710724889998	107.9852800328080
16.1931614477108	108.1335501973520
16.0779423718509	108.1480578732820
16.8428595488706	107.0835968217800
15.8756535862128	108.2576419574640
15.7619644869709	108.3451191279180
15.5447459950385	108.5230684932380
15.4678153315906	108.5994705240470
15.2899201104327	108.7635670612090
15.1120796521673	108.8052695688730
14.9433073980406	108.8930353406080
16.7593483731031	107.1751847387190
14.7105276361507	109.0405294746700
14.5645996741063	109.0503282121630
10.4928014273460	106.0954760827840
18.6120327664224	105.3906372131670
18.4637141052998	105.4456026107250
18.2820049950446	105.6259690679510
18.1596059314672	105.7134656541220
18.0282781981820	105.8620489275070
17.9464389586829	105.8177446649680
17.9033680234410	105.8245447677610
17.7921316199150	105.9100313662180
17.7079320946392	105.9728708869180
17.6405646842671	106.1135149360010
18.7712065325636	105.2440506357270
17.6254286562294	106.2614681501100
17.5189985573530	106.2732453761360
17.4828221283783	106.3331870239380
17.3050965569281	106.4492894104100
17.1944617090074	106.4659369987760
17.0811272618013	106.5905545345750
16.9717003820881	106.6159731685750
16.8980424542435	106.5723487417860
16.7266358104117	106.6423806026600
10.5218669965956	107.0841797312070
10.5673075751558	107.2134279097600
10.7688826175065	107.2393959479910
10.7722099890390	106.9608068402250
12.2951026588282	108.1405727217670
12.2130549173198	108.1268267713520
11.9346863865081	108.1637265878410
11.7654113330458	108.3645091949860
12.5514530738890	108.1720833265930
21.1577377035799	106.1183788843940
21.0563395020114	106.6031282105130
21.1233927037747	106.2513168753680
21.0987898463318	106.3810316860740
21.1038025923827	106.4829525037600
10.5610138372531	104.9232871428610
10.6106981366219	104.9834719919150
10.3824992924267	104.8870542783280
10.4451275392142	104.9362425667770
10.8203196841362	105.2829384918200
10.5852412123833	105.2307806651660
10.5571993458859	105.2612291737490
10.4380848699102	105.3958418440360
11.4259344223039	106.5763531798360
11.3692928779535	106.2154967860680
11.2662126889572	106.1175920056470
11.4029788177057	106.4520347450460
9.8045740754259	105.8275374670010
9.6994547040565	105.9036293296920
9.9124214821069	105.7003255089930
16.8043540892876	107.0423945162810
16.6196269924285	106.7291177507540
16.6162991812433	106.6044789439170
16.6798596592534	106.8712439668100
16.4178163774179	106.9888087120620
16.1005250329985	107.4681892510600
15.9985796645905	107.5072254827510
15.8420524667741	107.6630798471090
15.7883396454526	107.7762333900380
16.5465102806036	106.9619892444970
11.4329501768161	107.6996106586010
11.4076546777132	107.5734016254920
11.2657200948792	107.4333501257100
11.1363095558844	107.2255011998800
11.5424996827605	107.9661728517830
11.7912174152398	108.7649827149320
11.6654354832358	108.8678594698200
11.6183996276401	108.2350887182040
11.2674362528186	108.1066612328120
11.4885703908572	108.0672154827810
11.3987738239706	108.0968398950980
11.6449459617771	108.0228143311560
11.9206437767129	107.7526289096020
11.8731355467566	107.9266853044730
10.6604114240435	106.1864101191680
10.9520651364904	106.2092423546890
10.7799338673800	106.2712914565410
11.0715461349043	106.2914712207900
10.9911394335385	106.4495218967980
20.7016003339809	106.1255779022370
20.5642084180501	106.2406418387270
20.7883024709547	106.2793652961390
10.8498358700366	105.7615386855900
10.8207067690433	105.9333645991970
10.7603840223121	105.9537381524890
10.6797036820696	106.0123537042270
10.8159218987205	105.4710316122040
10.8310719429562	105.6249043985640
10.4504899416144	105.6682611928660
10.3614256313232	105.7625177188140
10.6450674619097	105.4015761004320
10.5632310598592	105.4803631120680
21.5491027952343	103.0147315766750
21.4197327310526	103.0093594626400
21.5496717977762	103.3071145702600
21.8601642646985	103.1279114025190
21.7827066175987	103.1009034821320
20.8611729399184	105.3493365308320
20.8696063457884	105.5055811733390
20.6348638166318	105.1829588447860
20.6972783158437	105.3160283261040
13.3699447477033	108.5053736097470
13.2622051769360	108.6257285733660
13.1187871951805	108.7871739311550
13.0744791404750	108.9769862949900
13.0159737592638	109.2051033969090
13.5812028244205	108.2276144733140
13.5054961869589	108.3622637827890
9.9135759712214	106.3136694833170
10.0758929505671	106.1623287246100
9.9769076030499	106.2089748990810
19.2209966297569	104.5356228330090
19.1404173849774	104.7084948467110
19.0606210322139	104.8386992616450
19.4139005292318	104.0729903255280
19.3962722003592	104.1549300196600
18.9698392135821	105.0250355063010
18.9270620496905	105.2084993237820
18.9109235221315	105.4017109471100
19.2954508846428	104.3356795652870
22.4578233290543	105.8430601115690
22.3312320551404	105.9049388692370
22.0784837873860	105.8831508171820
21.9672490150864	105.8120000353250
21.8265016231176	105.7122759076580
21.6914551924013	105.7299907705080
21.5913719262432	105.8435587941550
21.4359154102125	105.8651397363770
21.3311650839420	105.8692482381760
21.2293236093768	105.8501164993620
22.0491055166372	105.0369387419400
21.9706116294499	105.0981588806440
21.8757366084190	105.1408097967350
21.7945306592901	105.2155987135110
22.3419632742812	104.8724653227850
21.7116050724352	105.2293162699830
21.4953552934756	105.2251927007600
22.1764309532584	104.9643812058350
13.9685108390416	108.4846339539000
13.9548995497570	108.6586205231210
13.9929223099826	108.1116861463740
13.9594212225406	108.8289831892720
13.8822600535208	108.9922315545550
14.0267027486446	108.3854210690880
9.4716500694358	105.2212262719810
9.4251883076627	105.1734331719340
9.7714158490122	105.3175143103000
9.2646559082211	105.2037234385300
9.1744156855187	105.1667291614320
9.1782108616485	105.2871761204490
9.2573908942919	105.5424360497010
9.2880682969222	105.6588082553590
9.6144714152694	105.3619991985510
9.7826571545242	105.4711559620330
9.5473891162767	105.9327094149500
10.1639456140741	106.3325251685930
10.0799251334233	106.3619116966620
14.7610568088302	108.5473118191200
14.6458455134767	108.3983718121170
14.4911947542360	108.2268453054950
14.3723809308156	108.0978198121880
14.8096125447102	108.7576850768420
9.7759252110377	106.1417971278910
9.7175027542821	106.0353598262440
19.4009257692586	105.4411506784530
19.3253369738720	105.4253087660400
19.3409251554028	105.3060402919160
19.8333444643052	105.3962119679650
19.5219399146039	105.1915077513870
19.5691734738856	105.0607293591220
19.5986710841712	104.9208610877360
19.5754046207654	104.7934349674070
19.5823948315384	104.6813661492570
19.4426882887774	104.5954489159270
19.3413423098750	104.4528880980200
19.6954737165108	105.4557991407710
19.5819478578942	105.3831678364930
10.4494784818289	106.6513565821350
10.3560104166456	106.5760676119920
10.3576968483908	106.3778875018120
10.6294346365365	106.6640229573950
10.0096066400230	105.7543419879500
10.1449220403095	105.5802914786830
9.7364529285534	105.5770095062020
9.5717549073213	105.5990637849060
9.4593784532387	105.7227342650970
20.6302126449767	105.8205690496620
20.8959416503153	105.5799188946830
20.8351386778308	105.6431696257380
20.6807345155114	105.6655877112050
21.2577292554785	104.6463886022430
21.2037407501465	104.5874413111050
21.2048083548143	104.3705420076760
21.1856034396597	104.2285641678960
21.5781882380189	104.7623535288920
21.4993416893219	104.7651075037980
11.3151165343466	106.8227407196790
13.7025888984610	108.5211585475060
13.8842585034066	108.5794875906860
13.7865642622515	108.5438896589810
14.6094002798252	108.8930557642670
16.3832464533209	107.5701354956040
14.4787483330420	108.9222170845970
16.3293050041894	107.4147284937390
10.6648641496190	105.6986243868400
9.4473894150173	104.9231145820780
10.6342539974247	107.6612661094930
11.2095621833812	106.8624685115810
12.8957302052354	107.8175443922870
12.8301853347545	108.0521647354710
12.6789298507357	107.9906480928860
12.8461947922128	107.8572178192010
12.7902919190947	107.9200508027580
12.6014278590163	107.5897000543510
12.4889414834725	107.6286115527880
12.8064764212726	107.6931599375390
12.7602373779428	107.5940385098940
10.3376882527456	106.7565849721360
12.3911821064342	107.8815807765390
10.5548945072306	106.8111248107260
12.0383034186538	107.0786469407220
11.9921071284211	107.1372011953810
15.5451849972918	108.1205969904920
15.3407850364580	108.1785990477850
21.8611477587993	103.8634287556100
22.1277585473485	104.2790914327810
21.6516800159253	103.8904611120350
21.4390837686041	104.0519908674390
22.0404838964313	104.1085618181160
22.0343244678284	104.0280604255350
20.5182889524835	104.5506400479430
11.7269903282540	106.7837504834400
11.7418467763056	106.8188048452380
11.2766081637553	108.4697083422500
11.3312209740856	108.3789522904720
21.8362727001326	104.1112822909720
11.6834427355689	106.6056595580960
11.7775442276467	106.5819401242300
11.8813591013889	106.6903745251310
22.2163037329578	103.7431950128510
11.6784865416008	106.9014440477660
9.5085549424443	105.4933050571400
19.9668074627073	105.3309979789000
10.4887546278087	107.2715382997620
10.5816794445843	107.5575774287600
22.3184939497710	105.3713504046110
22.4501542873035	105.7238520801610
22.4531941990577	105.6177820946770
22.4939320224111	105.4844965323080
22.3004404264194	105.5772334907880
19.2935351491653	104.6346774420500
19.2551184808082	104.8634820694660
22.4824397376436	106.0579954755010
22.7272913270165	106.3382597909930
22.8261735114052	106.3782783810370
10.7969948448531	106.4340477744940
10.6741858829461	106.4516990948790
10.7995102454737	105.0959131841510
13.1895827875081	107.8203580518000
13.3589969542899	107.7971732504130
12.9866786749826	107.5935877829730
13.2997910595725	107.6151465466250
13.1976390938935	107.5760408020430
13.1656962835250	107.5620859219040
14.1582641282853	107.4616494177020
13.9998611523954	107.5584842885370
14.4533059763141	107.6052507167400
14.3676935341607	107.5370822240740
14.5177874636879	107.7372722754120
14.4232754761296	107.7911208950410
21.9634419143824	105.2886499344950
9.0743487022934	104.9680639093750
10.4346161399168	105.1247986739460
9.6053948245959	105.1851099987950
13.1917246931350	107.9500933474510
13.2088895902293	108.0386703880200
13.2453451615758	108.1313904791090
21.0053235573038	103.1350351127000
20.9277558459157	103.3184913169470
20.9606255817459	103.5378979763270
20.9451808131832	103.6067651044230
21.0304942937754	103.7906799855710
21.2169597481951	103.0570308737820
12.1811069178674	107.1994256701320
12.2614402485989	107.3239605982910
12.1095846793938	107.4817114401140
21.6710574079598	106.1243565319830
21.6077260044908	106.2471590897110
13.7289873151523	107.6375261753940
13.6051106271804	107.6217949254230
21.2457649421535	106.7580088272770
21.1038958614228	106.7330169958710
10.2182664888526	104.6595958405330
21.5802101753513	105.4545856024180
11.9630090172180	107.0022440117540
13.5415930429909	108.4543104870980
13.4786729616987	108.4489225465110
12.3864167243582	108.9511762916980
21.8343233532760	105.6539716321670
21.8388047305531	105.3141460576440
21.8736569207296	105.3949168850820
21.9018579864239	105.5443535538260
9.5781842444027	106.1312494735170
16.9766501357478	106.8718750227660
11.3417039446792	107.6620194452640
12.3262515289480	107.5739861141420
11.4680182150657	107.4870727057020
19.0789360392111	105.2126182966900
11.2266925711404	106.3931448939520
18.4312685165750	105.6806825013140
13.6082115355426	109.0019507839240
12.1049414813361	108.3640636002540
12.1732838111304	108.2179788229830
12.1766707456665	108.3319921590770
11.4730369418866	107.0020841210330
13.2337096947786	108.2979900292080
12.9597051852123	108.7331612550700
13.0446971241617	108.7638172762660
21.6868768504668	104.4645051354500
21.5675108658257	104.5716267980720
20.8731720296775	104.7813795539800
21.0275501817804	104.7110093124100
15.9133410468859	107.5120889006060
15.6204744668771	107.3931546617760
15.6114060379359	107.4914213770120
15.6682640429730	107.6573212079230
15.8300244466821	107.3104942158420
12.8898091985082	108.9995624990640
15.2871769871923	108.3194085385340
15.2583107632633	108.5092030564340
15.1032104128513	108.1678604029500
18.7816724432578	105.4751699015150
22.0478787708312	106.2148410676710
10.1478085861486	106.5085021690590
21.9895434691399	106.0441797818590
13.6812417314643	108.7211621484440
22.6502656324983	103.3522390454530
10.7457649971278	107.8786417992900
16.2614197773866	107.6741000110190
15.0464631910506	108.5657719218170
16.5265591415806	107.6986346945550
20.1521060524214	105.0761818994280
20.2753577097303	104.8397332610670
13.9532829234285	107.8315120268030
13.9833054986471	107.9211008452050
13.7996696001562	107.6821365373710
13.8166454317618	107.7425804043240
15.6807637135366	108.2479408822960
15.6777842506509	108.0193199241170
13.7570481525529	108.2784557762890
15.2847477698626	107.8949187525540
21.2753217399108	107.2618577160060
21.3596606137795	107.1377176130330
21.3543341994144	106.6367544509810
21.2435070992764	106.6126836154390
12.5314867901138	108.3710979341050
12.5099078395148	108.6637899399230
12.6744477469383	108.7233310790250
12.4776595185789	108.5733424495480
12.6973112603936	108.3859255078640
14.2397625319906	108.1113102714930
22.8047373988903	104.2052416861530
22.6517556585170	104.1003917215370
22.3833560802241	102.7958185427290
22.1714339527270	102.9222162861050
11.2107256249495	107.8617670348460
11.1363348825903	107.7303836005910
10.1269705111038	106.0223294927360
19.7041085607868	105.2049263818360
11.3159279299648	107.8918032953340
22.1895030675139	105.4338910468270
22.1652557528187	105.5511992682890
22.1502825799406	105.6670256244650
22.1235444582451	105.7660996326380
12.0395624368501	108.8214957138410
11.9816771309142	108.9914397879870
11.9621727013089	109.0939394626740
11.9296702113828	108.7641558759370
11.4309686618256	107.8488481138660
11.5945228443526	107.5383209510890
11.7394912249441	107.6668422159380
15.2693578969724	108.7203644216990
15.1813983232184	108.6633751384100
21.7479446908277	105.0510033299710
21.6451830377580	105.0936690394670
22.0864151894530	104.8350168611850
21.9822625437804	104.8998581013130
21.9099757698024	104.9662282783030
14.6980335991008	108.2439935662480
22.0265862901998	103.3395799362100
11.2801467598485	107.1359247486360
11.2783218794562	107.2039072857030
11.1125531639238	107.0336686014320
10.7812447357212	106.1529464039380
20.4074675564807	105.5551049944920
20.3028161185637	105.7526350522180
20.5152283228866	105.3580806002910
9.8053293089058	105.0552236441020
18.4125621260133	105.8775900512120
21.4415933919338	106.0326360394150
14.2352267154299	109.1653215462590
15.0594342174818	108.2928661986840
14.9269539685608	108.1459831877940
21.2767274385973	106.3856252254800
14.7204125650304	108.9455596375550
11.3723480904921	107.0088932724930
20.0566912156843	106.0464870988320
11.9230430112207	108.3636801298440
22.7998698082579	106.0839453852400
22.9101656700203	105.9146426494880
19.2404432857134	105.4001521928730
19.1013084887283	105.3051682643030
19.0031788122959	105.2880422947220
20.4532754444864	106.0062897210620
22.2944195837235	105.2241743260610
22.2250561864650	105.2386693603950
22.4214745485723	104.9976455943100
22.3600267501804	105.0867077570980
21.7305876834534	107.1609738645800
21.5666341436614	104.4978545788120
21.4687353091807	104.3791188122260
21.3579748886305	104.3696349168210
18.6131274280893	105.6063777140270
19.5915925108559	104.3394082184160
22.1056671699544	106.1066149651580
22.3356448032246	106.2814767994400
17.2030758588793	106.6308733462740
11.5845168626001	107.1573660483220
8.9867641256180	104.8276937069130
11.9411942720640	106.8383617294810
17.6159679424865	106.3717542377390
9.0231187379221	105.1860132259800
22.3211251710539	106.0215384077690
22.2475011809673	106.1072803544120
11.6096670104248	108.4368963093270
11.5337538799454	108.3949362051380
9.6881699013161	105.7439993750530
22.6857962974970	104.4641632337570
22.7283946912893	104.5630544938630
22.8479426983043	104.7861827431940
22.8804407984262	104.9002256740450
22.4711479747762	104.2691002695650
22.5587565259766	104.3118700863690
13.5619861625888	107.8369390086290
13.5053461401672	107.7526787288690
13.6156691315080	107.9218863981720
14.6114344706957	107.6847217720410
11.3607428547107	107.3958862095530
21.3560801001825	106.9055338069100
21.4406621237469	107.0257864438140
20.1598137619981	105.7612568150660
21.0668661887844	105.2615634408070
20.9462130653777	105.3236274258690
21.3029920063189	105.2654262058680
21.2006066158183	105.3118928838830
21.2485733865106	104.9446810318890
21.3424729986102	104.8698173256480
21.2175674095807	105.1393049507470
10.5892054091841	105.8144596922100
19.4275016141538	105.0293261003380
11.7714812518057	107.8030840637160
11.6924397719925	107.7980693039560
21.5815466319116	106.6052159111680
21.4528362647559	106.6508050386550
19.9762708833939	105.2126409470440
19.7918209888741	105.0201333259680
19.8707181887920	105.1032564203880
12.2944994964531	108.0079494259440
12.1789847122131	107.8990812501190
12.1214665238248	107.8111258309410
15.9381780550523	107.7113135421860
14.1717353510790	108.5942717319970
14.0674986816707	108.6727148162420
14.2379617600198	108.6064188392080
14.3587665576035	108.7006314026620
11.6048936897566	106.4512333743750
10.7866643832778	107.7203830357490
22.2849793211258	104.0204237664970
17.9229682362090	106.3191228016430
18.0561828233107	106.1066932526180
17.3711286072390	106.2255444043740
10.4519685219266	106.4608092097700
11.6645394070951	105.9839939899050
11.7293372139375	106.0979007946050
21.1630481416984	103.6298653857980
21.3558649402710	103.6007805844160
21.2745918836975	103.6035992674560
11.5837917402779	106.1753468322100
21.4545792945011	106.8072531351510
21.6622590387684	106.9134274531930
21.5547144131184	106.8478643849060
20.5375220116916	106.5699696520880
17.8615881041291	106.0466183304580
17.8149998171100	106.2108723525140
18.2264556219780	105.9147982269840
18.2482007301263	105.9610245161200
12.0411604245152	106.8386770129530
19.2882933651211	105.1548213747620
19.1185078688238	104.9818822333410
21.7525569177324	104.2524607473520
21.6154191989168	104.1851403113530
21.8987742050437	104.4474113199340
21.5350308754590	104.0263961200050
10.7136289093312	108.0014417923710
9.9010856882088	106.0698335735030
19.3958681546660	105.5897876936580
22.5282991843037	106.5170706461510
22.6911280461413	106.6729779027280
22.8235670751752	106.6337485690120
22.8020941694803	106.7613810066630
19.5042365577653	105.6768290898660
21.2328961149774	107.0098006736130
15.9685676383598	108.0476337395520
15.9717353760106	107.8351477878240
11.0368350528003	107.6458755443150
14.8732649375668	107.9657231522390
14.6597782888009	108.7430643316360
21.9328441747884	106.3541315406290
21.8328603820805	106.4820151545810
21.8822206755934	106.5887290990080
21.7279178658172	106.0004156014540
21.7732786144626	106.1253439348900
11.6265868925899	107.2911383941560
11.5480347859132	107.3788094553430
11.1682908087072	106.0933453747910
14.8957300049987	108.5323680195400
11.3959050115709	105.9849435756010
11.4982844836862	105.9032008310260
11.4802781757421	106.1716231572010
15.4609992448037	108.2975613901110
21.6363269011868	105.7298503579790
21.7410904292409	105.3215627522910
21.6803908804581	105.5270710950410
9.9542427696511	105.3706319446000
10.9201399909144	105.4275340199590
17.4184855142357	106.4786973547200
10.2546979318868	105.1661390520800
21.8464801410091	103.7517948379320
21.7387962538848	103.6395933459280
9.7167241581905	106.4287857972240
21.5583409290853	107.4386820494000
20.0880004941465	105.6316172337040
10.5195404549281	104.7100192217910
9.2230372099196	104.8212364547220
11.0723487260692	107.4984790483050
11.1520417405027	107.5773399611470
10.2327693253469	106.1883946190410
22.6297079815771	104.7459020610470
22.1840529579130	104.7635493316930
9.3725360943917	105.3940167011420
9.2988095548154	105.9347519063480
19.5900665223368	105.6903346636960
18.6919751936994	105.4965486153760
18.6222177078856	105.5280630612330
10.6090439233121	107.5573234314370
10.7930462550881	107.4734992580640
10.6942809498989	107.3926083048020
20.2377198319743	105.5002347694240
20.1475506971195	105.4396923152420
14.2333583540024	108.5156378484590
14.1811251413040	108.5698686372340
14.5169692073878	108.4490388651160
14.3385470531170	108.4796451751290
13.2544406469687	108.9641438676570
13.5007779840601	108.9561514920370
13.3728863955430	108.9684857946730
20.5546205661183	105.7347088843130
22.3216584195844	104.6615676937510
22.2746357381649	104.7148993231470
19.6308666389067	105.5795010203420
20.8487342168490	105.3269624336360
20.9280810829435	105.1790320935920
23.0256309535837	104.9739643272220
23.1569239523688	105.0744605951480
23.2212022157164	105.4180986954740
23.0402391005266	105.4241335563850
22.9565411549754	105.5428196025990
23.2732357738085	105.3254935983930
22.8939529662889	105.2475370613260
20.6678111567562	106.8161160048620
21.4022066901597	103.0308683674700